68 2
47 -2.304226 -1.0105475
15 -2.3157442 -1.0220124
23 -2.2658362 -0.9951822
64 -2.31048 -0.9128657
61 -2.4161773 -1.065393
21 -2.3068364 -0.9135558
16 -2.1532285 -0.9383305
46 -2.2898977 -0.99394584
66 -2.337791 -1.0599014
19 -2.5073774 -1.1346128
22 -0.6554002 1.2270213
40 -0.6685071 1.2551372
18 -0.6075586 1.2032634
29 -0.97531694 0.10082731
49 -0.6400441 1.2224834
63 -0.6810601 1.6002028
56 -0.93845546 0.080112755
11 -0.6496465 1.5609734
53 -0.6659758 1.6081388
5 -0.63201624 1.4402428
7 -0.6607116 1.6853573
6 -0.68003434 1.7176721
13 -0.6177039 1.2894961
62 -0.61312854 1.1758381
65 -0.9069128 0.09618401
55 -0.6711502 1.5240372
31 -0.9091526 0.15863457
50 -0.6671868 1.593995
58 -0.9479032 0.117477894
10 -0.89205873 0.16734801
54 -0.63358366 1.2194794
20 -0.62414646 1.1529307
8 -0.6362184 1.381037
14 -0.5849116 1.3069448
43 -0.61617625 1.2350045
60 -0.65028006 1.2487652
33 -0.66948706 2.8938751
51 -0.6341474 2.7688894
9 -0.63611287 1.302728
41 -0.6311217 1.2991357
34 -0.7836601 3.700577
42 -0.87605965 3.911646
45 -0.93181545 0.16776605
28 -0.8487038 0.15910462
57 -4.2029104 -1.2946165
26 -3.945212 -1.1919352
2 -0.7735695 2.864856
44 -4.1472883 -1.2592856
39 -0.72346574 2.8076842
25 -4.182874 -1.2590744
4 -0.69841814 2.4960988
59 -0.72111076 2.5220203
38 -0.79382205 3.014638
3 -0.78170514 3.0660255
35 -2.287305 -0.6558447
30 -2.2744787 -0.7624013
24 -2.4373174 -0.79128325
36 -2.5317013 -0.85439014
68 -2.0205102 -0.7891019
17 -4.307196 -1.1932391
52 -4.4988203 -1.2396854
27 -2.0957854 -0.8124825
67 -0.8620109 0.30558327
12 -0.8461775 0.4188826
32 -0.7071526 1.51243
48 -0.7236903 1.6298022
37 -1.3817765 4.3988733
1 -1.3575567 4.4360356
